850 1200000
43854772 93408
349219375 795634
320576751 833026
7658 18
37475660 96160
496000 1176
489947 1342
65974 148
2953 7
22791058 47602
519567 1187
343579518 706578
1969830 4363
17165892 36007
3395 8
4124615 9271
37894871 87899
17627862 39081
2110175 4714
1083327 2619
308702498 623213
52802 124
1160600 2782
240920 594
85679490 188998
493125 1240
37370645 81077
2111421 4697
54098 157
2103708 5202
226016 657
2160009 5532
69867 159
9468825 23770
1094496 2775
1937967 4169
6011 15
616476 1379
13258 33
8896793 18732
18871600 39319
236535 671
115397 302
6461 16
39528893 84927
484745 1244
5776 13
30019 73
8311635 19903
13569 32
8501231 20586
490820 1085
8559189 23969
4538398 9827
2282094 5069
14517 37
40999608 86077
362516605 752794
37265594 85792
12072 27
36194126 75183
2076525 4856
952939 2187
170695451 354236
366963707 739762
83632035 178895
8648996 18408
6202 15
13776 33
486530 1333
4907992 11245
40772837 87916
244463 580
561030 1261
2023863 4533
12742 33
490039 1192
8827518 18904
969300 2519
235882 610
55509 152
111194 291
1967508 4371
64780 155
4653796 9894
12397 29
1126347 2505
2056220 4977
2853 6
130673 316
351248124 757975
2378551 5309
8294002 17675
224828 627
107956 251
235889 618
17871773 48885
159215808 325061
159917988 333660
329679812 805322
8480646 19290
6683 15
28408 72
338136430 775426
108559 297
123552 282
126580 298
36990388 77795
475090 1140
2654 6
106893 239
349853823 803140
981684 2183
82385746 193791
9934286 22929
72061271 147234
2772 7
2078004 5563
78977286 175884
6734 15
3451 8
9630252 20596
4235444 10680
75329590 154420
81459164 201196
998522 2223
6754 17
4343698 11394
79918619 169009
2235185 5760
7142 18
27270 68
108615 268
2679 6
2665 8
2400783 5249
155774287 389563
21364234 44904
2835 7
20519366 43227
12229 36
12614 32
6433 15
257256 647
35663847 76353
27524 66
26148 65
7681 17
6098 14
6133 14
2797 6
4317001 9282
74023213 198820
77171882 167103
1198927 2810
17843619 37721
17899539 43615
117874 284
455469 997
331381229 715216
4566639 11237
54743 136
35829985 79707
4458740 10736
1965402 4419
5721 13
17471632 38438
16990625 36499
18789388 45651
72798206 153096
159234897 381699
1111005 2824
57882 140
970534 2589
36931626 98430
28205 70
230582 617
577856 1333
15042 35
28551 65
56631 148
310143212 629728
115595 276
1009021 2326
2061650 4702
52601 119
2642 6
8502447 18318
22320063 47858
17162053 35816
12642 31
2874 8
3098 7
1946296 4402
6992 16
112752 263
150063459 304782
15465 37
40133705 84340
7208 17
11034847 23271
336165966 688704
4653727 10051
20175276 43429
17743836 39238
14377 38
313235490 644540
4003453 8515
41932262 89768
31217 79
39693682 82925
4025789 9491
152852387 366684
31133 75
53377 123
40901909 98532
6984 17
20393061 45072
31198 72
7577 17
315641614 644484
341283779 746666
54184 123
502487 1327
581699 1296
6817 16
1034571 2394
2070649 4907
12151 28
157409855 324854
73348626 154250
17621080 38422
1088398 2399
385363018 844654
35292228 74528
18741641 46152
4401769 11282
124917 290
4147092 9231
2369750 5127
2504899 5629
313917191 655140
30060 72
35465884 85840
466829 1369
12260 29
965684 2137
3200 7
2081189 4567
475324 1291
8767351 21698
32539 75
154813216 331710
1049216 2288
2953 7
4207816 9293
54312 126
250219 676
2700 7
41269834 89708
2908 7
171946110 375986
461886 1014
2425347 5477
2325653 5091
23268745 48896
318820750 830766
3056 7
3244 7
8231672 17332
73591182 152461
5925 17
268854 655
164091226 344892
12938 31
4584387 10506
52834 128
154717271 380486
386788543 814076
36884664 76064
35074666 72896
1104226 2525
226056 528
26788 66
139831 325
5084022 11327
14960 35
4199989 8939
6372 16
26021 62
17814138 40704
467207 1317
35266634 82654
26003 76
6212 16
2660 7
3228 8
37844944 79439
120875 278
2635 6
1967616 4969
113301 254
463738 1020
360524350 765546
61984 144
63684 152
951363 2140
475604 1307
12821 35
9061614 23434
6151 15
232550 523
1201052 2638
2181320 5150
157720343 331072
19278891 47533
18529012 45242
4272782 10557
223739 563
21494641 47100
150753281 321861
1012635 2390
158962979 333398
9953911 21468
26470 64
1947653 4216
545095 1328
1019174 2377
8784004 20838
12433 28
25911 75
315307892 741226
76646795 167368
11979 27
229857 567
2302870 5369
507988 1160
4305419 9764
20075377 48002
485168 1085
61253 145
28159 73
2072098 5146
6589 17
107282 240
165005390 334242
60725 137
75555602 154749
235153 573
124539 321
58512 133
157889736 324807
243988 614
14149 33
27049 70
2010582 4893
314769259 639975
958754 2103
155734325 319558
35749058 95646
8601118 18276
185850093 385850
335786858 751836
5781 13
6991 17
975075 2126
8387920 19834
2687 6
18811469 45095
77795603 191600
13064 33
2170585 4675
2729 7
11214715 23745
7656 18
61413 143
35973824 90775
4012612 8577
1092622 2459
3029 8
40705521 85450
75224335 180631
2223203 5441
261498 643
182496972 405248
244385 646
26903 61
17454472 36731
18820798 42040
25682 60
4239152 10952
8892010 19211
28788 66
57337 145
106921 239
72532135 149952
25876 60
8569376 18117
140047 318
222183 499
43874495 99844
115652 290
2011610 5199
8963297 19472
321593094 650790
126319 302
26532 64
4857749 11598
341110767 712195
12245 28
4219488 10563
17222129 38265
13038 30
68882 161
9891339 22629
108309 250
32802 77
122617 301
501178 1174
156514783 376383
969442 2662
226939 646
57985 141
25304 58
53761 122
5893 14
276356 632
1012944 2201
40068592 92024
330690587 787059
74431068 168586
167501128 364171
35489955 90342
593931 1374
107310 254
110120 281
1023563 2674
4303595 9949
5894 14
6189 17
457942 1026
2278632 5330
17393361 36534
2925 6
9523604 21832
14624 33
4142516 9209
44082825 91796
9474620 21113
107669 242
52562 122
37483966 83326
56897 131
4389513 9607
73898004 153677
3207 7
493967 1216
25444 61
182109464 391164
18717749 47332
8309622 20031
3315 7
6271 16
52373 136
323832747 649016
496021 1190
3279 8
43585550 99592
12695 32
13212 37
263506 675
278066 615
945378 2049
581119 1340
4341783 9256
329898103 816096
226746 537
78269663 166338
119924 314
4965824 11641
1220844 2787
228156 612
164093683 351860
5931 15
56920 142
2079666 4934
6462 15
12698 31
87907031 196292
1035062 2267
39338546 81795
77113325 190695
9287565 20237
29873 71
223663 499
76180277 163832
10400189 23273
2003581 4942
7082 17
107900 242
55012 136
153055539 312836
12023 27
26130 72
60324 137
133527 317
4877326 10765
13070 31
25229 57
79724760 163135
39042344 96312
1239165 2721
19092705 40531
1040724 2456
14285 33
2657 6
124481 313
6593 17
277590 622
4347293 10008
83127685 203852
122900 320
6450 15
12381 29
25405 60
42978964 95341
976600 2148
119855 275
44014438 97398
2089714 4899
167087444 350278
3193 7
479054 1227
154391131 341353
26146 65
20914781 47633
151324682 318547
55733 128
964655 2487
224542 566
551234 1259
26227 63
3143 7
59424 137
4341964 10468
5908 14
14237 33
110102 268
269051 602
347529060 835213
997482 2382
4111786 11147
9149907 22333
4359596 9946
458529 1120
37089704 80429
76712246 171804
86968347 187497
53990 138
58584 156
372548953 822826
8308856 19714
28377 71
2499483 5380
4038633 8860
468764 1049
75826887 157575
61748 154
266255 592
315758666 643649
2674 7
174525397 355926
227506 513
25349 59
18578038 48668
307155973 614461
12116 28
59938 138
1936503 4162
14416 33
5770 13
18864900 45778
81691460 167290
3990921 8505
8755122 19596
4634512 11344
110503 308
149870699 313326
59971 140
72313205 148268
1030457 2601
494111 1381
969457 2357
367235802 821311
72174146 147849
160519943 337073
523500 1208
488463 1099
8437567 17755
321618674 682384
5929 14
54216 126
9978071 21686
473578 1086
8382238 19169
75216106 153669
173750300 396019
153901828 417058
11985 28
7008 17
4094842 9882
150999649 364351
74298598 198307
41559613 99911
324548918 825805
18033430 41793
78259657 186968
12264 38
9249072 21880
9595047 22929
230710 510
150021429 308277
260888 597
2635 6
13681 31
250051 570
36811070 90395
9913783 21917
26265 63
293109 651
150504684 319868
2862 6
959441 2391
12913 30
109289 256
12226 32
114976 299
266709 603
6313 17
2410089 5314
25598 61
85537740 195214
172013168 352809
1188410 2698
310320079 669169
5049026 11094
240189 550
2057204 5234
6912 18
42781265 92936
9496128 22151
250510 606
29726 72
76939199 161353
345715082 693710
1940911 4222
83776345 188016
137222 327
73079172 166036
18306450 39929
591539 1335
9859480 23757
45422805 97338
173605141 401801
5248969 11185
223846 497
6716 15
6784 17
1090943 2552
18062152 38656
55138 139
355180869 715069
36728117 77372
2971 8
29620 77
2667 6
12286 32
114691 285
17735957 37177
28529 69
9058849 22894
52277 118
52804 151
12855 37
1934763 4159
72126440 148047
983780 2216
19072608 45596
4485535 9608
8267201 17395
12283 32
458162 1080
21275271 48311
368214109 770818
239543 607
76095532 155338
107720 246
461991 1020
59681 135
964891 2788
108502 243
2819 7
155908253 363301
960349 2618
150997037 308631
12148 28
7774 18
148709320 300560
240984 622
4487967 10067
2824 8
358377122 831501
85654337 191968
177576468 363254
17122288 35934
79860162 170138
2624 6
9130642 20072
59637 136
223732 510
2194949 4964
57300 141
3123 7
465676 1022
1066030 2597
54526 146
51768 117
261049 577
5811 16
21326965 44840
3101 8
2731 7
30187 69
1112107 2551
9578621 21453
12917 36
5356429 11547
1957200 4342
120391 313
160942989 359132
990629 2285
320265949 713468
18965997 40802
476966 1287
4052184 9215
11301000 23875
336223292 826913
2366386 5099
246252 560
12890 31
139922 320
250322 621
495051 1096
148717990 300733
30058 72
20075668 42044
37125339 98769
307140463 627369
2854 6
12499 28
45528152 98585
35568081 78373
57642 162
12568 34
18704269 47096
2874 8
36073141 78511
3283 8
6900 17
32126 76
9444176 23151
112439 290
55321 130
4167447 9770
2761 6
35286882 72812
77543296 175328
26491 63
1159738 2762
26257 61
229254 516
2752 7
82777349 170602
53948 127
107920 254
3127 8
373593550 847776
36972625 81430
2033611 5230
110110 247
5739 14
55336 156
951680 2318
20100892 44341
262067 590
1223889 2676
118298 289
179022373 372558
117046 273
75273398 171096
5089767 10956
126040 298
18433036 40208
1973211 4537
169622486 349228
1048622 2617
488228 1172
480020 1055
2098744 5191
95202710 198690
25990 69
412420181 839430
148944917 316994
329898321 713455
317070018 680837
2240976 5237
84214628 182643
162057264 334021
28351 73
33196 77
4401607 11683
460225 1070
73360277 156634
9545742 21867
4828783 10388
17064531 36567
26551 66
152808339 340646
38253830 79841
234658 544
322199528 793485
11979 27
602891 1372
9005593 20716
77575869 176337
490392 1106
123334 323
29357 77
4311394 10041
2897 7
6424 18
8702946 19153
246901 678
13092 35
5340503 11475
351549133 703477
6232 14
177670032 379681
17337232 41223
457720 1040
