500 120000
31651 105
34689 111
32844 130
14821661 32367
7105843 16753
330867 913
3482662 9491
156611 487
336277 961
7470235 16900
37651 128
14377777 31172
31630778 81678
35134 113
31340136 71427
68991 210
34278 124
313563 896
3221236 8857
3205761 9284
31479 99
16130909 40640
870236 2253
7383859 16969
172782 514
151330 544
42621 138
397163 1113
160699 485
32527176 66362
738522 1910
78872 272
8412695 18939
689581 1793
32940674 67511
1499692 4282
1577299 3947
3424453 9212
767693 2102
16251960 40742
1647041 4157
16287461 34880
3291646 9096
3285161 7743
8762277 19747
339272 1055
7127719 20349
36922 121
38212418 78200
7654548 16998
3501169 9510
68245 207
36137 138
1459719 3596
3341750 7869
31084088 63994
3166606 9069
157606 551
1520137 4122
352433 975
339787 1106
80526 247
370583 1023
1590913 4497
86747 262
162057 477
3210739 9360
3617943 8900
3412566 8168
32250 104
31924 101
78834 244
14447583 30532
372653 1131
8288934 18785
15061382 35203
719807 1870
324602 885
73696 236
8081791 18123
679545 1868
174796 502
1444269 3601
74748 246
152303 530
14703774 33113
72927 229
69157 210
15822478 38967
16539122 36345
809828 2214
1592994 4281
1484014 3746
1549140 3987
6744041 15665
151587 515
34241 117
147004 431
32372 125
68952 222
15284505 32361
413886 1135
33990 127
18041512 38053
72913 246
3100652 7285
36608 127
765778 2162
38024 131
1499266 3729
170695 540
742884 2233
32398393 71686
76459 271
15047027 37282
6986571 16429
708209 1832
747957 2213
31080047 63674
6848657 18248
36280943 78835
164245 497
3676354 9995
8347121 18524
3143073 7493
162972 516
349666 986
312501 850
362278 1044
9092907 20234
166845 549
368737 1096
312658 882
31611913 70934
3512733 8701
7378429 17787
7761882 17867
33002565 66366
35578679 72922
156390 536
70515 240
719337 2179
73714 251
1520833 4270
6791909 15141
18997883 40185
14517630 33618
1702019 4602
367170 1133
1668309 4333
1679563 4590
14818982 34855
311663 858
1722403 4356
802214 2353
32360553 67004
32041465 80631
334117 970
3972599 9774
160297 476
3564450 9377
3231726 7996
1803049 4508
7947533 20133
153440 467
14825937 33530
1454737 3916
3569943 8664
36426260 82923
68454 214
33058 108
14935596 40348
1570533 4475
78891 270
33695568 71903
14623426 33791
3096270 7257
3324234 8648
149818 501
34154778 73191
6719246 15886
1541222 3968
15966494 37775
78100 268
15089285 35996
7240693 17375
82198 256
14758707 31526
7521255 19012
3388737 8577
7180241 16703
35976890 73319
196380 571
72339 230
3268820 7884
75827 247
6747427 16374
187469 538
3388178 9526
377318 1145
37952115 80699
8488388 19544
774654 2299
14251347 30115
37842 124
69442 234
7023918 18168
82301 254
32413 107
14964267 33089
324581 938
1620681 4221
34400 114
68420 226
1637882 4037
1447232 3560
69942 230
31448 100
6632509 14701
16013878 36859
692656 1958
393433 1116
6785233 15769
1455150 3658
3610207 8732
15291086 40341
32347067 71584
3586595 8527
1486552 4263
3154982 7456
1532003 4320
33904624 68131
145278 422
17998124 40375
880935 2302
7707741 17132
3546959 9294
145211 420
181764 535
706692 1871
6794697 15572
32151 108
37631 126
692350 1862
146668 454
17829430 40709
32096461 71482
174503 542
3681820 8793
735916 2041
34538193 80712
321963 993
31525473 65812
3243835 8978
1461072 4133
366497 1162
33810 131
365631 1031
34906883 79436
33190 118
349250 1067
15905709 35439
6770758 16808
1744047 4347
1458359 3781
37666 121
171895 537
716144 2066
72505 268
71779 242
36647634 80250
751528 2321
16991204 36446
69018 230
70048 272
858880 2239
80940 252
760329 2246
194286 568
3215533 7690
69772 236
6985703 16355
8272478 19149
1762015 4898
668995 1729
150377 431
315771 861
3113403 7523
150209 551
72773 268
692479 2321
15046744 33378
32792 105
3773900 9844
347583 1041
74855 226
32813350 68173
320993 943
7446109 18688
32474 109
390984 1157
1479946 3900
78145 247
70405 226
3286430 7755
1549695 4329
357531 1038
320184 911
4086323 9538
36601367 81864
76404 279
145251 428
161905 531
324797 884
69105 211
34697890 79318
145391 416
3468296 8396
14271165 30057
7109072 17162
162077 551
342930 1054
315390 901
37596964 81562
36467 120
32400222 78312
825541 2350
41222 134
154452 468
347539 1072
176770 522
38592 135
145273 417
7691008 18198
73717 266
33036 109
674798 1760
32038320 68047
70630 248
1597903 4118
166986 507
414116 1158
158825 512
3143124 7838
795737 2134
6645391 14866
1453158 3834
1508254 4532
35950682 75276
15022258 39600
71722 217
315842 928
171164 515
1453558 3862
35032 120
35754739 74199
339663 1033
79712 275
391707 1146
7363757 19382
1494187 3684
1638160 4101
3519776 9445
7452829 16817
679602 1875
149895 515
14403756 31002
758096 2287
33326251 76060
16155959 34167
3130171 7353
78525 255
3098977 7268
1598693 4464
707386 2003
32342 130
418886 1142
14641437 32142
726962 2107
76530 236
68805 239
34959721 80159
32087385 66386
30715991 61791
169016 576
39030922 83349
33257 132
411476 1134
15202843 36076
14297863 30201
147760 461
33802 110
15423788 37371
35194509 83980
347391 1166
156421 541
16890051 35562
670350 1733
147981 470
1471519 4237
710920 2072
174336 519
79120 256
152845 565
1545800 4434
31697549 70454
32371 104
682312 1764
7784809 18387
1670957 4119
845270 2209
1715967 4509
1818795 4471
30608508 61234
7023913 15677
148627 476
669513 1733
35560640 75531
34326003 78741
745996 2343
8018870 20031
356545 978
33764095 77580
3141696 7348
15886498 36871
35918 120
730636 2150
699533 2035
3242813 8382
18795025 39744
8102864 18496
35202177 79046
85613 274
770599 2015
1630024 4353
3182716 7761
32379 105
16687331 36088
769648 2303
14597187 36182
354056 1060
6931534 15390
1492449 4145
691688 1844
165052 537
17290235 37489
1563343 3881
32216790 68706
31687 102
337411 1027
7313558 16310
3613900 9568
6685006 14984
32101 118
3198307 7479
406351 1173
8006821 18109
163173 542
3189200 8343
7140992 18300
14815237 34427
16048538 35682
14641606 31795
7006709 20446
312694 861
1510035 4227
703465 1916
32778 104
325526 965
31984 106
3294179 9690
33644176 75488
68460 227
32604 110
31595 101
67689 204
694985 1869
8264093 19278
36317381 78420
70963 225
1555722 3992
36473219 82872
3433328 8539
3214343 9543
34269 119
156633 457
1497067 3755
36909 123
326769 935
757225 2209
37248 123
35498 130
796693 2151
806702 2224
682771 1821
16796314 36336
75538 240
15104863 33403
7000956 19764
726888 2208
