450 50000
29019 93
144173 404
1504234 3877
63744 223
60718 175
325468 843
1426600 4143
6587841 16805
6036697 12740
3168590 8488
12880017 26639
3357263 7606
142902 390
16573147 34531
1399769 3395
3060679 8038
7757408 16721
322520 999
2876380 6431
14172637 33847
1317897 3349
1500657 4041
61749 186
29256 95
6344492 13461
37434 116
1515771 3639
1352347 3763
786148 1986
281543 758
1702409 4001
1317112 3255
12990819 27037
649166 1765
66128 200
145964 484
1408666 3379
306596 818
1461340 3528
29560 97
31569 107
77036 238
644540 1662
130389 360
6785313 14419
2780230 6330
14515903 31292
5987586 12664
608013 1538
762842 1967
15318949 32526
761627 1917
6588231 16035
5986293 12814
61329 184
28399 86
2953735 6677
318367 899
291492 809
1375067 3674
16047657 32117
63866 191
1310595 3178
6389037 16845
6861222 16737
290967 981
13285941 28740
6386289 15147
30354 106
134216 428
28785 91
153927 421
29863 98
147990 448
788230 1942
1375148 4034
349839 970
3262465 7334
308474 864
134036 429
609088 1511
635840 1723
602289 1505
672591 1763
65272 228
344757 955
3136847 7771
1621569 3979
130063 357
639478 1607
1428889 3913
30338 111
137769 376
1304582 3439
318716 928
284135 746
1536340 3876
2905138 7649
29217 105
60290 173
69873 238
6410681 13774
130333 372
172359 473
131180 370
3003229 6674
3173264 7403
3010924 7199
15655141 35153
3061629 7754
30256 115
32608 110
15897088 32900
30430 94
2850653 6811
31056 99
71004 234
2768349 6187
1642534 4086
136952 411
12811340 26160
1303147 3078
6064632 14133
14557936 32194
28453 95
3107624 7779
675763 1678
6539506 14816
1555461 4036
634880 1725
14721789 30958
1313332 3311
14741702 35296
6893862 15362
7209608 15503
30682 97
1374001 4109
160606 444
328034 987
3552217 7998
63587 188
3095016 7217
132676 386
28303 90
2845409 6896
159508 436
3205333 7118
16623859 34010
284049 738
692315 1943
167919 487
332188 991
615152 1540
7425969 16502
75675 228
740418 1977
601490 1488
60262 173
298329 825
284260 775
1449296 3388
6706315 16351
610670 1638
633365 1562
3186950 7576
6549066 14849
310747 858
1450412 3392
283066 761
14241363 29039
31692 115
63390 198
132043 370
1322889 3432
62760 201
71954 206
146435 483
629452 1807
77378 230
6714572 16654
68689 209
16086314 35205
38370 116
2881777 6412
669200 1966
146240 407
6934503 14649
140819 413
176047 483
60371 174
707140 1906
6190725 13102
1616741 3795
36723 111
690358 1698
682590 1712
1450673 3452
2965527 6911
75453 235
29650 89
2921105 8111
165909 465
7098327 15906
62691 231
671024 1990
13565767 27221
65161 186
329488 888
133705 380
66613 202
133536 367
13837006 31694
1348784 3242
3177510 7999
297110 795
338150 880
16639187 33852
3359251 7446
7129853 15752
6519781 13914
5996464 13350
28635 89
1454435 3548
16402888 33238
13054684 27435
5988324 12614
1385401 3845
1328817 3840
64767 204
132497 361
666396 1686
2887265 7773
30774 115
1301713 3180
15986230 33485
17057079 35116
34458 104
63921 239
29739 91
6055913 12809
15669171 31878
1627792 3941
6062229 13755
279240 723
348161 963
2890643 7416
13565808 32747
318471 835
5945484 12700
13186862 28763
3181843 7290
2914527 7243
66488 215
3398131 7607
317074 870
33866 103
7597582 16850
660509 1734
1492160 3684
14605040 33286
616349 1536
28641 87
159824 437
13069598 30307
134639 433
756623 1956
614368 1547
6847801 16192
29764 94
80608 239
60599 179
706348 1968
130566 359
36458 111
63197 183
137830 383
32921 107
3150150 7494
1341647 3750
633805 1713
314979 848
6698576 16271
6223479 14171
13524755 27320
672054 1764
641359 2032
61887 221
32058 97
620851 1735
3403758 8010
152194 437
290083 910
6002572 12791
3245151 7914
342862 996
1321050 3083
32489 110
33541 102
6584839 14923
282417 764
13079646 26506
16002047 34692
6463877 14251
1385369 3339
13194915 26616
614556 1569
651993 1837
152829 476
36676 111
614358 1515
30805 95
15769763 35004
2857108 6446
671177 1934
1394626 3464
1313275 3110
286390 754
67476 236
2842358 6455
155600 471
2970818 7609
158832 474
670927 1786
297866 800
1508071 3849
61024 176
14006809 31255
75158 220
351440 999
30422 116
176046 488
31175 94
3245153 8405
713676 1992
3568908 8501
3361887 8480
622115 1891
75217 218
12994997 26058
33792 111
129670 352
135818 407
6458846 15251
149359 469
6585914 15030
328024 866
3216473 8033
12980208 26284
306733 973
289082 845
6076887 15088
29307 96
356272 965
60356 174
348157 961
295862 941
3317131 7638
279848 735
33160 102
13376733 27233
1308064 3414
171079 482
6999175 15500
74378 226
38331 116
163709 484
3076361 8186
14109668 33467
29898 103
310371 812
70319 214
718790 1775
29359 113
7123700 16649
815238 2029
140658 445
163401 463
6803814 16443
3228882 8514
37724 115
284503 787
6981637 15603
148490 420
1326282 3928
14480179 32129
3061446 8261
6613707 14996
357951 979
1546180 3858
78062 225
291515 759
3080524 7621
3140333 7431
1333904 3167
280853 736
293388 774
61240 177
63746 198
630678 1615
61317 182
7555308 16570
13457226 30862
13856171 32682
607281 1525
6005970 12972
68151 226
133411 380
29686 92
14443839 30500
29157 91
131565 363
65455 187
13751764 30106
13408723 28938
319273 916
14552303 33824
295858 895
13247877 30486
61763 179
1325451 3304
14917259 32547
1429150 3581
2772320 6183
285146 811
7780385 17154
1347055 3465
66062 231
3056022 7678
63154 220
643625 1593
142066 409
13123402 29536
601562 1481
632816 1603
81171 239
1355354 3416
34577 116
6678697 15967
1313525 3275
27968 84
61309 186
16075836 32537
147823 422
61610 180
313777 843
2816039 6271
132271 367
139324 396
6498829 16170
29473 103
