900 2000000
72459 500
276857186 628962
144760 915
255960763 626274
945629 4504
55735434 158739
67140 451
1932802 9123
427 5
1904522 7984
35667 269
533 6
6053 53
71592 515
66201 453
2344 22
8719951 31520
733042 3424
146709 857
27594 197
108283629 338653
5357 46
251228965 614970
65432 418
2641 30
32538 254
20047777 67731
5615 54
5398 50
526676804 1191285
8676523 31337
28482 232
169336 1017
162289 1067
63818 415
30036 214
2729 28
27614 195
1694468 7200
5540 50
68892 459
2728 26
72981 501
12715 100
13792 117
377392 2001
805440 4035
423546 2241
3822664 14667
3779329 14387
273449438 632139
535962775 1241199
512 6
6599 63
809777 3766
148544 926
671483612 1371961
1153 12
176364 1012
5979 61
5557 58
8576886 29227
407789 2119
1162 12
159949 1128
63911 438
152943 918
488 6
143576 825
13220 111
997 10
1867533 8941
743190 3571
21637097 66512
238613532 646700
104449287 280902
439 5
34311 258
557 6
2634 29
45058905 128492
47194344 151573
13445 118
1877511 9547
288503978 648659
744619 3525
342036 2195
780689 4328
76981 496
12690 103
759340 3710
29442 217
567336862 1204216
235093445 544183
99213260 245325
5502 48
108844980 299094
58536748 164000
429 5
113967321 281482
5488 52
1883527 9261
46695335 156428
553906582 1148136
1059 14
22794911 71383
2381 26
25055323 80031
4481969 17840
811548 4281
233643362 565633
233791380 543688
13961 127
8892116 36534
2498 24
159846 985
106371291 327083
358197 1953
522489660 1062923
1228 14
422753 2214
3790211 14390
111910793 294549
1350 14
529129054 1126068
11325646 38842
12330 97
1024 11
10047358 37928
12535 107
538213499 1247824
19326634 59230
27786 206
67277 434
1280 13
761082 4061
1888907 8715
3992550 15926
4267891 16188
479 5
151409 905
109224497 291056
154281 986
5612 64
69100 464
120156626 297232
825329 4638
124871593 308469
9043889 33908
12353 98
281782204 634807
143229 854
12722 120
381821 2151
370765 1958
6527 58
64297 427
2741 26
3893478 15672
535794003 1107568
463 5
238969460 535578
11183190 39952
23534174 75968
1133 12
21321779 67115
2384 24
27667 199
12438 103
336194 1862
63958 415
552285971 1119882
409632 2129
12903 102
6299 62
9511897 37464
45593281 140062
4563128 17907
241170538 555431
8966754 33084
44670689 128933
49122727 149807
30566 223
1002 10
144141 877
1840986 7786
852058 4092
579725315 1261395
274862364 662011
20358876 62831
245495017 577726
1667172 7005
161625 993
75271 512
336103 2162
1696491 7441
660571187 1349765
68474 454
784454 4554
2447 25
843813 4408
3883195 14682
13151 104
4743987 18799
4315996 16867
19514388 61181
241494017 541981
20656968 79040
22001477 71114
429 5
496 6
1026 11
232153319 519431
12607 99
13707 119
1142 12
149399 946
45931963 136759
27976 202
20805551 66057
55288451 155347
46750004 141543
186038 1110
511 6
820069 4258
507 7
144604 878
1802738 7896
866327 4377
157354 907
64430 441
14802 120
2146011 9097
20325695 67420
123111367 306962
1726644 7464
53789182 157346
261207175 636036
28520 225
280932710 648270
4759376 19074
2434 24
2448 27
19912296 68617
1075 11
228438027 518680
64701 424
1288 13
553036487 1332745
49278230 135826
430 5
400903 2151
225110678 502616
226089420 513916
47030788 151215
9386732 34048
6052 63
74040 527
450 5
3809632 14562
4077279 15608
232028719 524695
1176 13
357770 2036
436 5
10682832 36659
102112100 273355
598609650 1214669
1085 12
556945086 1139088
238178131 672274
782659 4157
5955 61
9578036 35515
4700918 18434
28632 206
116245235 315170
11278046 39428
820812 4511
5746 56
12187 96
49452276 137001
327005 1837
2318 22
13383 106
37121 267
369485 2233
158266 946
9539885 39395
14112 113
66384 433
2416 28
4309200 17179
144266 845
447 6
764014 4399
448 6
46712922 149191
109170404 285648
427 5
828289 4231
1867789 8562
49566842 157755
44247397 128843
20351937 73378
20805672 71766
3104 30
754700 3510
515046340 1073427
179633 1068
101211745 276730
12957 104
1893589 8253
19459324 59397
144342 831
252199537 678547
116651243 334847
613242301 1363726
353237 2083
748007 3553
6904 60
2135000 9079
620337655 1355908
35395 269
51615120 143697
513 6
380591 2006
101044253 271058
287130428 647669
21034753 76940
1175 13
438 5
105332556 276907
4172232 15913
2597 26
102465776 287784
267592060 596587
628343870 1338742
238341841 594457
798058 4533
6002 59
30963 229
5427 48
567947536 1375917
898505 4450
19487708 60512
20317844 62617
4160592 17046
48126852 136941
781355 3630
532 6
77809 523
2369 23
364096 1903
2034060 8828
28901 222
167593 1051
100815145 255796
47089986 134817
30072 228
77772 528
44577309 127204
183991 1085
19409507 61268
28030 202
818109 4671
14484 123
840375 4123
13070 102
1659979 7037
30941 248
29070 210
63218 412
538002124 1116825
4676330 19165
19522583 60097
436 5
1719562 7371
29329 263
9406764 37495
62827 403
2684 27
1118 12
6301 57
321856 1666
2353 23
1689521 7338
150723 972
20186317 64859
342531 1971
1001 10
20864149 73433
12963 105
29843 228
6736 60
27811 206
1084 13
1149 12
103753094 259748
8886084 33950
545546002 1124616
4529855 18199
12509 116
30539 248
457 6
152192 882
6523 58
2547 24
2354 23
600984780 1253836
1041 11
6056 60
344074 1979
2636 26
1736122 7677
12325 99
29892 217
2108385 9449
4058768 18027
155487 1039
68250 552
11213181 39232
8920940 32562
515774950 1079156
1352 14
4578389 18462
5669 57
543 6
3875360 14724
354915 1840
1003 11
437005 2287
72395 465
8541512 28943
1153 14
45268410 129409
505 6
9934974 33965
8612794 30773
68167 503
21011575 64625
917077 4290
1755140 7776
19602208 62127
650867405 1314140
9260346 31992
499 6
29224 218
28220 226
145025 901
234369322 522730
23034928 76473
432 5
34677 270
343780 1839
5441 50
5650 50
261316194 678705
48626252 139437
1960692 8707
251871106 674240
2433 28
266528427 671973
109849054 273595
104807671 260312
3007 30
4168697 17315
62916 405
28957 247
3100 30
171789 987
1812396 8192
869176 4067
1832987 7697
10527108 35657
2354 23
480 6
6632 64
4544247 19225
36866 269
150938 958
5550 49
70174 514
8554813 29816
62727 400
586922033 1355457
153622 941
1057 13
106173195 267530
5728 58
55662722 155486
102133277 252244
48966070 166880
15091 125
2330 23
1279 13
1824438 7648
463 5
19765042 60568
12490 100
487 6
569058868 1278093
519950528 1057386
229747195 536548
4535908 19345
77056 504
233670466 560641
2473 24
3864776 15457
12152 95
8642304 29291
326650 1726
4075576 16908
1122 12
4246171 19545
10594240 38430
183646 1069
235838096 545322
6847 63
794385 3799
109845807 294163
28295 205
341148 1824
5067729 19439
13221 124
13083 129
1840100 8465
77447 523
2544 29
2468 26
175682 1008
31257 226
3996251 15610
166211 1025
3997112 19231
20984208 67666
6657 60
517 6
8604578 29916
456 6
19487894 62943
626680533 1298839
343758 1861
2319 22
618675907 1390057
452 7
15075 121
43771527 120170
5623 50
53743588 159359
323440 1671
1093 12
2410 23
837487 4442
4083128 16482
994 10
31668 243
236701905 563770
99326469 245552
2073712 8732
257713429 579908
13196 107
25178311 77324
1722625 8165
30316 258
9317761 32276
4389920 17454
1825537 8276
369925 1951
603213956 1284225
104499691 315014
2473 24
99787999 246426
30605 236
21780776 70218
2387 27
902100 4310
8872933 34094
101810315 265148
22998192 76000
121782067 307857
8875596 34255
750657 4028
573375147 1154778
7120 64
796887 4659
10373630 36190
151896 907
12519 99
272193222 671910
1787864 7610
478 5
29858 211
4547477 17509
531172970 1111232
527282758 1080864
146298 845
183591 1108
452 5
19497577 61110
146998 916
2615 27
12848 130
1688735 7817
524 6
9645774 35717
1670164 7103
352022 1857
7105 62
8766224 29848
20126461 62816
32925 238
12969 111
788335 3699
20213266 62541
364599 2194
131183010 325714
46303546 128294
5560 58
4369050 17642
361492 2233
102863238 273419
331086 1733
2347 22
232352942 537972
250511319 602706
12533 100
6172 54
528390820 1091656
158716 912
47842687 132408
841725 4610
2822 29
2037179 8831
108448305 297417
997 10
2806 29
755715 3877
1038 13
534218420 1158718
1692924 7545
50962682 140211
577807080 1163884
599893062 1222202
35168 263
376774 2001
9130655 31803
2333 23
46850283 150497
329470 1735
116023056 319678
2007113 9178
20385875 79225
27830 198
355720 2073
51578981 144569
463 6
802028 4519
8888797 32716
8552976 29602
242648068 552132
1034 11
1700462 7151
5472 48
5930 53
122030669 330895
1732867 7874
119369588 326578
297384078 678162
65114 506
2693 27
64319 411
4031450 15407
31702 261
731556 3399
502 6
824767 4192
3012 29
1089 13
101693963 261323
12410 101
45171632 137694
5734 54
786340 3669
170817 1120
99679140 246568
842007 3917
1856861 8648
148308 892
1214 14
22203675 77055
457 5
8617235 30816
8816329 32995
12192 98
19942264 61188
1747145 7872
777778 3912
27900 198
477 5
151003 1044
336415 1980
4224139 15957
448 6
785748 4190
44343714 130453
6654 60
1985974 8551
328688 1730
333038 1747
9950182 38930
46052091 135863
514317205 1036083
101995129 258274
64185 412
49541760 165217
29960 216
1074 14
15087 119
3988401 16716
73956 531
12760 106
9456290 38405
15198 122
1271 13
14498 130
5456 47
19301550 59047
742884 3817
1026 12
8693703 30877
30090 241
259712322 581941
2324 22
5496 53
612422935 1328873
1056 11
767516 4468
10538875 36653
99333854 247298
1217 13
376320 2042
3959681 14917
3802637 15309
9814149 38638
30353 253
2450 24
741915 3582
8681893 32145
3882782 15093
8729094 30009
828494 4301
22224738 76769
160742 1083
151568 900
45465930 135022
268042691 645419
19644186 61200
2322 22
48819249 143545
431 5
528219611 1240221
102279596 254396
64886 494
142229 818
342547 2295
5761 63
5471 48
624099850 1402148
1898867 8261
5722 52
353039 1886
64634 424
238574603 538778
48986672 159729
1169 13
5563 49
12299 104
1803583 8598
127336324 315440
75554 553
239659465 555633
64046 448
19634900 63183
279705262 654455
1069 12
68833 444
50562284 142320
29275 229
6189 62
71716 466
3982147 16278
1021 11
2388 24
1972562 9105
151317 897
1993134 8708
484 6
19985096 60998
3964304 15584
112711783 326406
151244 919
2662 27
68576 472
108301868 279130
3799596 14566
57375486 161908
21661763 71028
12229 97
28910 223
349442 1871
329187 1751
8831105 31708
1661852 6950
12169 96
20910544 66911
64110 424
1158 13
2629 26
639676875 1312786
4174317 19345
108709758 274739
115914210 338886
1046 11
575500147 1353091
346417 1918
12458 98
50429996 163421
469 5
64545 428
249156090 588086
533882534 1118477
1063 11
21066324 69425
67143 433
50552793 151384
515826814 1031664
45937083 134370
145813 888
1913371 9178
14010 118
487 5
63261 404
511939498 1024903
5695 51
1783285 9089
12345 98
785025 4534
330191 1712
468 6
21059324 66386
5813 60
1090 12
3973257 15153
45970994 126675
13240 116
525162729 1052191
2464 28
3823952 14807
52779134 153640
433 5
326411 1815
507 6
104754736 310638
44462146 124113
553143408 1198815
1738143 7902
9786414 33253
2361 23
63810 411
366707 2035
19528839 60438
27976 199
63261 429
107495556 295910
4451385 18867
536904093 1103385
949106 4683
53647189 147981
1040 12
236399409 558004
253019724 596957
77743 504
436 5
3854806 14721
1322 14
28338 207
165982 1053
9699981 38466
1047 14
112985156 307877
45156680 145119
6500 60
235261809 580941
337360 2072
2596 27
13571 123
338003 1752
8871899 30887
22108345 71218
