550 200000
474749 2945
8694814 30869
55276456 120103
9153662 32400
489473 3221
8702135 29080
9091202 30173
59555393 129330
4631 89
228469 1888
13119 210
5142 96
55273888 127296
9983773 33628
23113732 68506
1243429 6129
76729 761
586874 3656
4780 92
57741423 137408
8622689 28555
22464837 57105
23561796 63468
9965705 32510
4817 91
11907 181
5637 110
8964317 28744
29356 353
8092544 26101
1370615 7907
9409252 29712
86777 860
217602 1941
33048 397
7862162 24805
29639 353
20056321 50183
21499724 57227
83458 817
32426 394
57549655 131968
78815 779
8408726 28729
29913 360
53406994 107176
80127 767
216142 1841
55555446 125825
76200 824
3100925 12173
609022 3944
579804 3707
485117 2982
189579 1497
487686 3227
5022 100
3603282 14612
12647 227
1298033 6696
88614 961
80749 843
1483384 7369
5009 96
1215071 6042
89527 924
22901724 66584
3873132 15581
55719907 117439
32576 451
3561937 14080
78713 764
24613717 68545
3262476 14350
624958 3837
32929 407
1350478 7354
12715 218
58137024 131380
22905011 58806
1249685 6470
1483617 7367
67686449 140121
4839 92
3936705 16408
59997137 121975
61683583 132849
93435 928
31133 458
31037 378
56850060 116069
5199 108
8601090 28940
3693945 16552
62520340 132642
1492195 7878
84060 946
3840048 15551
3391767 13690
584231 3585
3673765 15329
3185212 13695
30019 390
23991101 60063
4471 84
3371662 13604
89284 863
32025 460
33063 406
3448321 15334
4383 82
220251 1950
22199112 61111
24440795 63828
81083 811
33964 461
33360 448
24010324 65247
9283739 31785
500355 3113
1358507 7430
482907 2994
29142 352
1225541 6129
479483 2985
5292 109
77230 805
1471488 7695
8985895 31650
53940637 110110
20998024 56886
201108 1615
8686090 27751
8914032 30074
3799036 16301
11340 171
5132 98
12958 200
4867 92
9236570 30890
51624723 103444
12279 196
21805521 62474
5301 102
8143970 25840
61602833 127415
13553 227
8724532 30326
56541074 122797
37694 452
3447295 15223
9324782 31148
21470538 56270
8417173 28225
11537 175
496183 3348
5089 107
29813 374
52960680 112761
5099 110
203669 1630
580189 3683
4805 111
474937 2919
5186 108
67694795 137147
31874 411
73141 701
75256 724
1397954 8076
11973 189
20764037 52144
1377556 7106
76835 742
61622957 132305
55925155 118016
214658 1949
4745 102
73995 707
12077 193
1437747 7104
8944357 30129
58460171 133694
8234087 28592
28552 343
73671 728
3126406 12648
55768792 141119
8494397 26938
52082941 106239
8731852 30279
12417 199
3570715 16604
51667947 106917
29692 372
78059 837
21183099 54316
28434 339
11357 172
72847 702
12961 194
4516 91
3642860 14852
9180432 31026
4442 83
82156 935
202564 1899
11947 203
605738 3937
32431 403
21349852 54756
13838 224
30505 409
1260251 6393
22890200 58362
3270970 14805
29760 400
11947 179
527025 3289
3356724 13738
12450 211
51931844 105606
58223372 132466
529512 3339
4778 107
201404 1560
201862 1550
480347 2967
79693 803
12902 212
232371 1846
30087 389
92850 912
507939 3383
81460 920
28644 346
612500 3951
1480494 7238
56120012 133374
209881 1874
12392 186
517233 3632
7855943 24648
23060269 58302
11738 194
22896957 61300
233989 1897
12884 221
25772059 65326
24385177 61184
206210 1781
22663400 60178
77987 754
240340 1909
31759 464
11972 205
22064673 66561
1479292 7281
3142859 13022
51715547 104370
73581 721
591171 3812
3736221 16670
1354230 7200
4371 81
5134 106
9580946 31107
4560 93
1219488 5957
29048 368
3252441 14408
5216 100
56805467 118232
3207761 13313
4376 81
22163014 55633
486626 3032
88219 841
523627 3409
9133774 28901
3243341 12918
9650932 32640
57680856 124207
198701 1732
5373 101
3109285 12439
8773136 30553
3166327 13207
13216 222
3228311 13736
535233 3340
73575 704
51450190 104331
1218038 6027
12671 199
231814 1876
8581081 27092
20155441 50767
1220421 6183
188227 1476
4443 86
217472 1733
7843056 24567
12949 220
1253341 6321
4590 88
24248687 69256
9970652 33824
52043795 105346
73894 714
213866 1809
1289456 7061
74856 755
3600598 14135
520048 3374
3285844 14274
21089701 60524
85529 901
78959 862
524918 3877
4399 82
79184 757
4015235 16622
521028 3460
12236 184
528928 3252
26964995 68551
13718 205
84101 885
31178 374
3161359 13005
22058367 66139
3642715 15152
11589 174
554291 3594
192561 1489
4837 112
1514651 8170
213330 1812
24521178 67375
32814 465
53397125 118656
3911673 15710
3076383 12060
28434 339
11970 209
223877 1784
65062576 135024
77501 746
199173 1844
80086 892
33307 431
211636 1659
1299118 6859
1529938 7645
8096311 25896
12361 203
13981 210
494854 3093
1318039 7356
605311 3990
1237770 6478
585256 3694
1358491 6800
529242 3569
473632 2895
4993 94
4596 87
8307040 29385
8575798 27541
23619140 67185
54417972 110388
21182565 53497
1271701 6379
13000 217
21346313 60514
516742 3445
1285492 7024
9203749 33268
1373776 7332
21591046 54052
62226297 138558
22905907 62575
9162052 29166
187422 1438
3580069 14260
54040240 110251
30025 364
4014746 16016
22072643 59251
27162450 68447
3222206 14369
4743 102
29092 349
1364374 7091
13289 224
1436636 7575
30161 376
204730 1855
3189641 12911
4615 93
4700 101
8375334 29676
193327 1659
5072 99
200614 1536
81886 851
12055 186
508736 3719
204603 1644
571803 3797
29784 391
3164805 12367
63912346 130821
1258706 6385
4564 95
541658 3332
83900 890
3568448 15530
32823 406
28987 364
80030 895
14160 224
22289073 57025
1347315 7800
5668 107
1209067 5959
234081 1884
3527499 14331
12923 199
11719 177
1611824 7916
1278737 7240
13808 209
63437047 131444
535604 3943
5632 107
195750 1587
9095166 29978
80979 784
1335386 6659
30493 390
7871841 24742
53729239 124460
3970186 16026
222190 1843
11466 171
55146352 124566
3365627 15555
35500 432
12825 209
9099472 28770
5187 107
11908 197
88079 875
13671 220
185390 1418
247816 1948
22071554 62383
1242607 6379
74119 716
4621 89
20210636 51482
209460 1727
207872 1910
13222 199
188133 1438
34247 418
3243420 13039
581384 3757
56840111 113815
645182 4008
210735 1767
24156915 65599
604778 3693
55677064 124008
1305965 6743
63888374 130126
28431 339
89568 928
3458070 14223
3471932 13748
1378373 7178
87245 929
1498872 7333
9566948 31486
22863268 64257
25754209 64663
1400795 8162
4661 92
1418648 8009
518070 3477
1417472 7575
1434006 8070
4583 91
195040 1508
30681 374
588288 3841
13085 208
90808 936
30481 384
74171 714
59564554 128372
3488768 15005
31345 417
11988 215
61633970 125483
4525 88
12894 224
12688 227
186552 1441
201517 1657
5621 107
25782425 65327
524007 3884
30747 389
8369263 29714
233283 1783
20081906 50528
30563 374
21737658 65978
482508 3047
62489781 126174
8137246 28285
11655 195
9679815 33047
85909 824
4883 99
20866380 53069
208364 1832
207093 1960
20431302 53336
188910 1465
3349296 13876
1511334 7728
476175 2961
210002 1631
8956961 29885
31229 376
253213 1945
29702 356
11210 170
201704 1885
9064742 28704
5344 103
3106059 12246
29921 398
51895265 105448
476432 2925
78866 807
